# Created by Octave 5.2.0, Sun Nov 29 19:24:59 2020 CET <root@romain-pc>
# name: rnode
# type: matrix
# rows: 1
# columns: 100
 0.069248463856781961 0.074408001245321251 0.074113988291985441 0.074298598901029134 0.071741334094222092 0.074461694513257431 0.07598715099422558 0.074476468158366421 0.074907037745094093 0.088531432723227124 0.088883959876676785 0.091764101191729702 0.089235187853559619 0.092037913968685575 0.089341673636772173 0.10144948411526798 0.097867071458205571 0.10605249631536173 0.10703767594767748 0.1289591812301904 0.097979076399886067 0.10601138618800338 0.098188899234172247 0.13956227017751641 0.12587752086119072 0.16566409043968811 0.15390018484306517 0.14619418710116536 0.14138760792456936 0.11484658423567312 0.094394180784578022 0.12866330977423956 0.17309722039064851 0.11606420473428117 0.15003492609649946 0.19325382072778863 0.17334645305013358 0.16770566852029295 0.16308360016698145 0.18881147119291916 0.18785640023518274 0.21539850093244228 0.19594579781948024 0.19193638897219734 0.2100168538670292 0.21135813097039016 0.20863915204813885 0.15097161151826841 0.23881777778847441 0.20508078232049307 0.23052233210348413 0.2025681702175687 0.24551523394628308 0.210185565005195 0.22058214435327458 0.1902175179254304 0.2672243794498067 0.16371377648999955 0.11643696922169817 0.19973450562090206 0.26452355732971949 0.23533385202806942 0.29116327969199263 0.27574540353599825 0.21947476837274885 0.31752287655079059 0.19962441671177031 0.19660652038640558 0.21783997650342912 0.22411406923300087 0.27898103460891921 0.24207143230728756 0.28390106704020557 0.19411516299078055 0.3259867636652779 0.30004780126854924 0.21330670365381624 0.25261626955898259 0.32470696832498885 0.23428716531579027 0.24974988448851457 0.38264397771924435 0.38975268990640505 0.39343049667526159 0.33918565716955174 0.41552472945139884 0.22196680613640282 0.27120878542521815 0.27800931260002154 0.28031119512729324 0.26318924537351163 0.33703590070659312 0.33027138290836489 0.26246324695976175 0.22470348380615643 0.45829130416822916 0.46418813159760908 0.38962269892558371 0.53081625491916051 0.33748731784429914


# name: rrange
# type: matrix
# rows: 1
# columns: 100
 0.055932597201646117 0.072545916518730991 0.098759007458386394 0.094676947689309343 0.11577295785718833 0.11250217943093532 0.072707696339160632 0.077060327527400663 0.11024904668563273 0.031349856802628584 0.035683810857637388 0.74914746433526525 0.02638442264602936 0.7494172119479352 0.024675711888256791 0.74961464178853809 0.74963842933245572 0.74962565428676853 0.74964876204684472 0.7495316827291264 0.74877342976879957 0.74964876204684472 0.74914746433526525 0.74956398794909751 0.74946141689196077 0.74950087238235819 0.74914746433526525 0.7494946627628275 0.56220987366100006 0.74962565428676853 0.56170008999358245 0.74964876204684472 0.74966249862126166 0.74947680814443163 0.74964876204684472 0.74967587841172856 0.7496958859171774 0.74965455462302666 0.7495316827291264 0.74949175955642255 0.74969078640185538 0.74967587841172856 0.74969413875530599 0.74962565428676853 0.7496754037290202 0.74967401630499719 0.74963972932189649 0.74967044340197764 0.74969317670492031 0.74968693949230725 0.74963182795348882 0.74963182795348882 0.74969413875530599 0.74971465839142559 0.74969317670492031 0.74967044340197764 0.74966442652010712 0.74970287944465908 0.74893345332477623 0.74967299096182327 0.7496754037290202 0.74968333203970206 0.7496602516687042 0.74971137034868696 0.74969317670492031 0.74968333203970206 0.74966442652010712 0.74966442652010712 0.74966491725565287 0.74968333203970206 0.74968514093244631 0.74967849286936217 0.74970457667735679 0.74967536906886489 0.74967136544447621 0.74970944876503121 0.74970287944465908 0.74968693949230725 0.74968648100877799 0.74969317670492031 0.7496570301864518 0.74968946472809417 0.7497033139474627 0.74967772988160464 0.74968283440988803 0.74970944876503121 0.74967587841172856 0.74970457667735679 0.7496754037290202 0.74968304472356628 0.74954183566749399 0.74969833898853722 0.74970583403292734 0.74967587841172856 0.7496602516687042 0.7496958859171774 0.74969413875530599 0.74970583403292734 0.74971424050279234 0.74968122378791968


# name: rsys
# type: scalar
0.20557413160753807


